1111111000000000000000011111111
1111110000000000000000001111111
1111000000000000000000000011111
1110000000000000000000000001111
1100000000000000000000000000111
1000000000000000000000000000011
1000000000000000000000000000011
0000000000000000000000000000001
0000000000000000000000000000001
0000000111111111111111100000000
0000000110000000000001100000000
0000000110111111111101100000000
0000000110111111111101100000000
0000000110111111111101100000000
0000000110111111111101100000000
0000000110111111111101100000000
0000000110111111111101100000000
0000000110000000000001100000000
0000000111111111111111100000000
0000000111111111111111100000000
0000000100001111110000110000000
0000001100000000000000010000000
0000001111111111111111111000000
0000000000000000000000000000001
0000000000000000000000000000001
1000000000000000000000000000011
1100000000000000000000000000111
1100000000000000000000000000111
1110000000000000000000000001111
1111100000000000000000000111111
1111110000000000000000001111111
1111111100000000000000111111111

